p	m2
0.300	0.310
0.310	0.430
0.320	0.440
0.330	0.440
0.340	0.430
0.350	0.750
0.360	0.710
0.370	0.700
0.380	0.880
0.390	0.820
0.400	1.020
0.410	0.750
0.420	1.000
0.430	1.170
0.440	1.240
0.450	1.550
0.460	1.140
0.470	1.390
0.480	1.350
0.490	1.580
0.500	1.960
0.510	1.900
0.520	2.100
0.530	1.850
0.540	1.760
0.550	1.670
0.560	2.210
0.570	2.370
0.580	2.130
0.590	2.080
0.600	2.040
0.610	1.460
0.620	1.200
0.630	2.180
0.640	1.960
0.650	1.470
0.660	1.750
0.670	1.080
0.680	1.410
0.690	1.060
0.700	1.000
0.710	0.900
0.720	1.200
0.730	0.740
0.740	1.050
0.750	0.350
0.760	0.860
0.770	0.380
0.780	0.570
0.790	0.280
0.800	0.260
